26658	29929
16756	25041
24448	18315
5128	3443
18448	20675
7506	19077
26402	25329
3896	2267
3658	4191
15890	23085
23232	6255
14932	15249
692	5853
10818	8025
16148	18809
4558	2869
6358	11259
252	327
28376	29367
26322	20467
21850	21671
27952	15259
22728	15541
8456	9475
29862	29351
3064	2939
11834	6061
812	739
13918	27167
6472	27191
3378	5559
19652	23149
834	1917
27846	18443
4040	20471
25712	22311
28866	26239
29856	23429
14544	10741
8476	14483
18488	12477
9602	7387
28726	23633
19856	28299
14332	8553
42	53
27692	18453
2124	3069
26612	11145
8752	8387
15900	6315
5786	8723
25606	24579
14058	15473
24612	8661
14288	27243
13382	12897
10790	23755
17902	11983
22454	21805
10634	26297
8182	16011
25880	9977
24362	28123
3458	4355
20320	13253
29014	27475
27484	14125
3996	10813
22540	11199
14990	21097
9584	23487
14618	1209
14790	23889
17524	13073
24858	14785
15132	28383
11208	16829
10072	7785
28176	25787
19266	26923
21116	13509
21020	6765
15896	15783
27540	17297
16118	18253
16086	9451
14884	21029
10722	27173
25960	17797
28674	13795
13558	16809
22126	13535
11154	28559
4446	3791
27042	28623
19064	20863
24430	13215
29992	27817
9560	6471
6240	20847
14712	10029
13818	20045
29404	20325
24828	24423
2760	3963
7276	5725
4968	3193
6138	5067
16388	15515
5214	5605
23862	28051
3246	2737
7958	20895
2764	2735
23772	8907
16476	21701
3920	2445
18474	18455
16398	22441
8988	3671
21166	18039
18120	27083
8126	13627
16380	25589
23546	18977
1470	79
3398	3261
8856	6341
7860	10895
8682	26745
12898	13445
17662	26575
17972	26349
7462	9729
23266	6569
10958	27831
22116	19659
11522	9753
20496	14279
4932	11019
7908	9463
20634	28979
28040	16679
24834	4001
12600	13609
5684	17885
2300	16663
18342	9653
27420	15479
2744	24199
2064	15815
9828	8513
15926	17387
24350	19449
13172	20375
12242	13587
23756	22533
390	27069
24684	13937
4640	4053
23294	29405
9544	6767
14484	28233
19936	21015
29170	19013
28552	27245
11972	9143
8850	7289
19074	11085
136	1083
9926	20239
11598	21375
4218	8545
1556	18435
23338	28461
19066	14119
4918	17933
14956	23195
26528	23829
13034	10415
16182	9795
7184	5961
262	4517
20748	14695
15084	14747
10684	15839
13448	22275
11850	10753
9084	8247
17932	15071
13002	17307
26208	22377
1828	989
11150	22549
29084	20641
10090	9013
29442	17371
7218	18599
5558	4323
10422	17995
27778	26661
28740	25921
16906	16689
19738	3615
10128	8105
20112	11031
14622	9685
15582	19253
11052	25231
14898	16717
8630	18153
6788	4903
13660	22285
24714	24961
23254	11453
24738	16061
22398	15651
7792	12915
7762	20069
23428	17567
2990	5353
14400	28203
17106	11991
15406	19657
23518	6111
15386	9455
16346	17237
4230	25983
18904	19905
29180	19525
404	11265
8278	12341
5588	4555
1512	1031
5050	3025
12292	14015
15170	6673
9692	20327
24048	17619
18104	16349
2134	4219
14072	3413
14246	8673
6400	29467
12144	14803
21738	21631
26620	7117
2192	1781
28316	25269
29122	23273
7116	3847
2942	5241
10308	6543
6958	17311
23162	26931
9130	10863
2936	8437
3682	11123
27598	25633
17552	25993
25752	16739
15874	11959
19478	16593
3972	25893
3014	4877
11178	4775
8870	3427
13176	27963
22330	12039
9694	20517
18364	29509
21472	27513
19078	12993
8756	26621
16912	24541
4886	12699
17078	22021
7784	3843
7172	16071
832	5193
24328	15129
3402	3559
5374	6225
28240	23707
130	257
21368	28567
15082	4009
13322	27175
6348	27699
6464	8471
3410	3655
5100	22269
1394	2289
28434	8745
23532	22155
29988	10061
15578	25999
2864	2645
1312	3135
1630	1711
29370	11863
25706	17895
6052	18027
7758	12979
4422	22931
6768	14093
22140	24125
7708	10243
5012	25861
12368	17409
21824	19755
6218	18993
15012	18799
16480	13203
3836	3573
7802	26179
11588	16261
12398	26551
2774	7253
4312	5075
7626	16413
16930	26435
19678	19699
20952	19711
21698	6487
3692	5035
1958	23891
7330	3389
23580	17993
13244	24801
24736	19035
2950	7459
17004	24517
15836	7327
23240	6807
29114	6593
21686	26365
29496	25315
29582	21649
6688	6821
5502	24831
394	2369
18702	20715
20912	14639
16066	13387
12290	7845
12764	18933
10896	28323
8588	7897
16812	24361
13262	28027
2692	9767
10614	7453
5720	9031
27492	24723
4652	3951
18820	19931
7712	7163
22150	12617
16126	24137
19172	28163
22518	23511
1642	1071
9726	18699
23160	26687
1134	1179
19664	6519
10264	20741
4220	5363
2674	2549
23112	10407
15760	28683
23394	13785
46	71
8358	8675
16046	9529
22406	25971
13028	5373
12980	10961
20286	27371
17254	20489
21304	24353
26906	29899
2730	7513
16852	9053
11300	7379
28838	17589
6106	19073
12788	5359
9306	9251
26044	17091
5540	14255
8036	9309
3708	4209
17108	11907
12988	13493
3512	3335
2448	25899
22542	8933
2372	2331
2194	1663
5862	2657
18518	24285
27850	17779
18936	16507
24946	22585
11786	10523
11518	15417
22828	23151
23570	25973
18100	13855
18868	7833
21628	19487
22434	10661
22876	2607
27080	19549
25550	28049
8150	9515
14918	16733
3422	3673
22310	14937
13130	12107
8700	22775
16580	12727
17698	22141
11114	23449
7168	12531
1316	1155
25794	16087
15904	19463
6184	23549
7486	26775
26860	10699
21694	23915
13208	28009
4084	4465
2088	1399
4540	24915
23760	17967
8764	18381
12568	20121
28034	20491
28882	23261
22314	8399
15216	15419
4080	2315
11730	16129
12574	1609
9606	18687
19110	15757
27886	29493
666	637
22388	27621
20700	4661
27060	22967
15248	12621
3608	9039
6622	19997
22740	11039
3454	2185
25470	25111
22990	21469
27878	18257
25686	29827
5754	16581
18592	24553
15030	2187
24094	23283
20056	25187
16720	18105
1010	2363
22170	22177
6568	11721
25798	27479
18330	21435
10638	24665
27716	18825
336	303
4104	3531
3188	4977
25446	12729
8976	12723
4874	27599
5246	3295
29454	24099
18204	17829
22852	18331
8758	5417
11872	9391
11736	29203
12054	28681
6080	27093
10596	8901
17306	27899
21054	26137
12562	9859
22030	17099
15510	8477
20118	28339
8820	9217
24700	22985
5602	8013
60	75
17076	28903
8426	9157
13828	28117
21574	22431
23444	4945
29488	27783
24646	14127
3408	2333
1258	4211
23074	13259
21974	28737
28392	11117
28380	17145
1324	975
18408	12377
12180	19641
17322	29893
1218	2125
23094	25851
10960	3897
25378	5331
8334	19939
8380	11503
28918	23243
9780	10495
24422	14797
4986	19005
19102	14121
1166	1293
4662	2101
25954	28379
12358	21785
25132	26557
14322	23189
22090	10227
14876	6571
4970	2175
264	199
12506	11133
18870	7923
5934	7257
10824	2279
19706	25105
16138	23483
5500	3747
4018	29835
28892	18225
9994	15639
24574	5733
28386	25819
13670	16445
29750	21793
12372	11681
4720	7081
29300	28235
25488	22633
24824	24055
18954	12381
1796	1961
3916	4935
14392	29629
14542	27121
10870	10295
2112	22341
7706	6595
3382	2631
22980	17463
28800	19521
28410	18317
6766	7041
21038	28513
570	547
19996	19565
4108	18781
24518	26077
3354	3089
28442	21981
2022	3485
26002	28389
14326	23489
5578	6089
10776	24427
19890	21005
24124	12955
1418	14753
14806	23401
5474	2641
26032	16795
20384	7017
23792	14017
2186	2131
22626	13591
29390	19243
15968	24181
16794	11307
18066	16247
27632	14131
4430	5685
12436	27551
24418	11491
13890	9051
12880	21315
26462	20145
21586	21565
588	527
882	807
6962	10839
25892	21121
6000	21969
28098	29101
14024	17193
372	901
22380	29465
29642	23711
8268	25223
8468	19681
18724	28125
8960	26917
17214	7519
238	127
23620	29503
19096	15181
926	905
9028	5599
4560	10869
28230	10101
566	513
17082	13951
25228	20331
21836	17495
19368	22337
28462	26069
6808	7141
17532	17535
13692	7679
7310	1837
590	449
21346	26465
28756	9537
13412	7595
13468	15675
2054	1771
12280	20241
7898	18437
23648	28003
8692	16729
6940	6837
29670	23835
22504	5351
2542	2103
25212	4809
9398	16337
24760	13093
24734	12743
21330	555
25182	27135
1632	4037
14852	8597
9224	29681
25688	28321
22862	16107
23846	12555
8818	17125
19466	28221
10486	24539
16976	18409
21800	24601
86	437
88	73
13620	12939
958	943
20878	7501
3880	1617
10528	14355
21710	8729
5580	4049
15508	16907
8122	18651
19374	27975
4666	5045
2316	2323
13958	11711
12892	10765
17764	14917
25812	28351
27454	17199
20730	10937
8946	19847
1848	1931
16026	3981
23794	19725
22656	28459
7878	26041
27124	17951
15624	25351
12046	13997
23698	22251
10526	5665
824	1499
10372	12187
3630	6323
14510	29033
25878	10323
13694	20669
15534	21499
9526	8561
10130	5785
27584	24547
16778	28827
8970	19573
18362	28095
15442	16893
12682	20237
28730	27411
19296	28169
1072	1537
23298	13671
16764	8707
20884	19707
11158	6125
21176	9197
27910	18463
22044	14191
15958	8947
11812	25957
9414	18493
10126	8447
22124	25627
26486	15207
28454	4101
7492	5319
25384	27553
20980	14467
27648	16827
13636	27367
9792	20553
23184	22041
2030	1957
25708	25183
12846	5845
11508	11921
28350	12473
11318	15263
11380	27749
7726	15295
11540	9629
16558	6347
23830	9073
29944	18669
19048	16521
14474	15899
21192	11651
9960	3203
27506	16201
19876	5361
13374	22617
25192	22805
9082	9219
20268	21129
29604	17159
19694	13393
7288	14921
184	695
3344	2061
22174	17431
14252	20791
1944	1755
25074	16979
25918	16811
11226	11301
8164	17759
3208	3179
28544	22023
1888	891
1708	2073
25130	25013
2656	3541
21298	12765
12804	10641
27666	14103
8520	2257
4262	26457
16672	21775
12162	13115
26512	22373
20094	14541
15496	15165
6556	21217
16796	13557
7744	4653
28712	19875
16200	2595
26196	19193
23006	15701
20680	27779
1914	3101
21876	10463
13198	9897
2582	2013
17740	12391
1186	1173
11876	10991
4180	3233
29800	29181
24044	27569
3276	8897
16700	10945
10990	12081
21944	15057
27250	19619
17382	12625
19484	17211
9996	10159
10496	8171
29788	25727
5000	13669
1786	1891
26900	15635
27342	2995
17890	3803
21152	19547
27190	28677
10016	14409
26380	1647
10136	10625
29172	24393
13598	12933
19538	20303
466	505
16254	21659
5460	18833
6078	5383
8064	6627
10224	26907
7002	26387
18614	29605
7582	3419
11494	25343
26742	21409
2132	839
312	219
6604	7273
18660	15781
2236	1943
19256	23975
18244	26691
16348	17239
26808	7237
1070	8839
26102	25227
29798	27793
7328	5989
29996	9049
9778	7109
21590	16067
26686	17271
13308	28033
18160	28065
14	633
9348	10311
29252	20281
25288	9493
21232	15559
12052	16169
14970	8689
9762	22649
3308	15099
20182	9481
14438	23001
2356	2521
25230	24225
19230	18221
2350	2295
18224	14239
18680	13277
19434	29815
25718	17071
5860	8649
7832	8435
19798	20973
1304	1183
27620	16615
11754	13441
13808	7583
5742	9535
24590	4379
20852	7027
2548	2321
27548	28753
17150	21933
3486	2997
9062	7319
19998	29211
20306	19563
7196	4145
2462	1371
23088	14321
14894	21037
18834	20315
25436	18015
13496	5497
8514	21285
28724	24083
20218	25219
20520	27375
13430	12251
3082	2863
17832	28001
1490	1357
1374	24271
17000	8017
6986	8949
21806	26195
13094	26637
18356	16157
28846	18639
28632	13789
6010	9281
27820	21797
20786	28457
17472	17191
12118	28721
24128	14433
5546	19281
21894	1085
4826	5963
22868	14445
9678	11689
10998	10337
4966	4949
8512	29775
6650	15063
28102	21891
942	865
19624	15761
9188	6381
18570	26013
704	965
18816	7157
7366	16871
20116	7139
13708	29773
27644	28783
20446	25263
4898	6143
14308	11879
21300	29295
14564	21461
21282	18899
3496	6387
13574	4305
17016	26383
26142	24097
17348	15861
15086	15963
1608	1581
23926	24847
22934	14819
9984	24087
11662	13853
9152	15027
17992	16135
322	369
21402	15247
23500	25947
24370	23309
29046	22965
27874	15089
3706	7707
29536	27251
23020	19705
21742	19815
7518	18811
5884	8533
12924	27463
2608	2567
4646	13119
22252	28793
17664	12031
8702	9879
22954	21959
29066	15441
22992	5357
20678	25597
23212	28965
28258	14615
17152	29359
20208	19093
18086	22643
1116	951
24654	15863
28600	28967
19170	6681
15654	27821
26144	14675
24220	26965
15554	3639
5992	5767
8544	22225
25294	28241
3452	4673
7680	7729
19614	18465
1362	929
6476	18571
29710	22455
22810	21923
24752	26085
15348	13201
27260	17219
27010	11329
18888	20187
14598	26497
20490	13191
15632	26875
27796	25175
13288	28029
5690	8083
26282	28439
27332	17355
4250	4293
24058	25647
5306	4705
15914	17981
6382	10997
23900	29415
28332	14451
26054	8637
26434	23671
5252	611
6602	10705
17020	12145
12380	7213
29176	27789
23124	26639
14010	14935
18424	27459
2074	2465
23696	28013
6048	4561
18970	8989
6092	20663
25610	10861
2834	557
14414	7737
20428	15353
18126	29495
11120	6587
17204	15407
16858	10019
3058	5171
26218	15255
27582	10015
16998	26597
21752	27895
4660	8333
13164	25005
20464	29979
3224	7873
28932	19015
23542	26397
23558	24403
10098	12369
18190	28079
124	1515
8524	17101
10842	9497
7138	3271
16734	22961
2204	1925
26064	4395
27306	28713
28820	23825
14738	20985
15842	15573
27186	21381
10056	19645
702	559
12400	24303
11976	9349
4488	27881
24532	9749
6548	18813
26146	27223
27210	14087
23676	18009
11444	9093
22960	28661
11560	16885
8780	16911
28638	22069
22614	23035
1894	14143
18460	20681
8368	11297
4346	4143
24956	28167
1392	1613
15432	3869
13052	22123
26360	14219
25816	21103
22722	25763
734	599
7010	9259
3098	2403
19590	28249
10436	21743
4938	1759
21230	5549
22190	18555
3672	2605
18062	22657
864	1011
27344	24337
14356	23763
8048	6467
29078	18925
6916	8147
12392	25689
20138	28343
12752	13525
29486	28445
11152	22347
15458	28449
28758	8983
23384	23103
20254	28365
29628	24461
14558	16619
15240	16803
28310	13521
23596	9363
5836	7223
20972	24161
23192	17613
4472	4491
5980	21039
4786	15199
10996	14473
12026	11779
4344	2371
27470	23855
3494	1513
25364	23715
220	143
24672	22149
14366	26867
26214	12777
11342	29257
19130	9737
26114	25397
12864	13151
29490	18197
6616	12051
13250	18939
10538	10217
11770	29669
7564	29215
23460	17585
14208	8527
16052	14363
8760	7561
15986	10789
1822	1457
1614	1245
17058	15015
13480	7681
19508	19423
29860	19453
7280	16195
29234	13751
15894	10935
8220	18947
26884	22447
13826	4679
25858	13111
974	1503
18908	11937
19912	3401
19278	9861
13292	20459
4722	3599
22110	19205
26290	16191
5302	13081
23872	19833
24056	14719
19680	8087
29502	23427
482	439
14696	7001
29510	24399
23714	26253
4804	2937
24876	22423
25872	18561
26038	25249
23826	22607
7182	14489
24134	26737
8712	7857
20366	25243
18796	27171
14600	26299
5612	21093
14770	8373
4858	4859
11468	11389
19848	6927
7540	23005
1716	871
26112	23313
17042	25997
29888	23059
19310	15139
12842	27805
5452	3881
13238	20371
21528	22757
11762	19405
18458	26337
1746	2763
94	105
2242	2001
6266	5113
29876	25839
3924	1903
27932	25713
10002	8911
1844	207
8170	12177
22484	12511
19598	23669
21190	16083
27022	29461
20024	16727
29500	22191
8110	13729
23642	25203
19586	4431
12154	24413
11548	10229
29810	15869
17820	29771
4396	2627
4704	4989
10942	16127
29184	24385
54	59
9754	6275
20	81
27660	17331
13110	8931
26814	9119
23256	22065
10182	16489
2130	12863
25478	20259
6634	163
14448	8525
18144	26261
12776	3519
10196	12077
16936	29601
11510	3249
6764	29015
8720	6915
12320	13533
22248	6655
4486	2519
18668	6165
28962	13839
2018	1729
11844	17127
19522	15279
9012	16187
18758	18693
12426	10665
18704	19985
7616	10155
22422	26909
24878	16863
8590	4817
24334	15955
27600	21343
5944	22865
22290	22709
24024	20609
1388	2025
7204	4335
12680	15779
21370	21483
14686	10891
18286	8021
27456	6527
29814	9257
13764	5217
23976	12919
17360	18915
21702	995
6658	5647
14596	23031
25970	23551
6964	14965
16280	11801
21082	21379
15674	15763
22224	28789
6424	11079
19286	20811
12110	17251
14828	27193
27714	25661
16924	15357
11950	13403
25448	14533
28160	15913
15106	27753
20814	19239
10882	10303
19628	29373
11198	22977
210	1677
17722	11059
17232	28933
28718	9347
12470	26999
22502	17579
9088	6013
14370	9903
652	2545
15250	10577
17224	27801
9264	8235
4922	4709
2756	2499
10444	6855
7728	3071
26344	14707
6002	20539
15864	9227
29954	23171
6978	11267
17810	27839
12460	17929
10348	19807
21576	17043
13742	13919
20818	29107
20312	19489
16366	11985
25806	23601
13476	21373
28872	15261
12726	6785
25188	26339
8542	10443
28946	11715
5664	2883
23716	14487
13856	26785
18346	20053
20782	23897
12366	8991
16732	22467
17736	22157
20886	26423
20126	27751
16790	24341
27988	27585
24172	20679
27178	23921
2214	4105
6828	20369
29714	24057
22760	26981
4656	21365
628	863
29092	28107
10266	4265
2488	2991
5660	16119
4532	8157
11654	16009
2682	1389
26350	28781
3666	2887
23200	25877
26654	23987
14952	4383
14610	27887
18608	27319
16134	26183
7868	6721
17618	18127
26476	21303
22636	17625
25330	15369
27146	24485
9542	13715
10118	16381
22622	22355
16910	14309
29692	15743
7066	9705
28072	18163
5570	8187
26028	28395
13548	27641
6496	14783
26846	13165
25928	12455
6850	17149
17014	24657
26712	27823
28414	26231
28044	19983
26870	25617
14280	5499
19140	15109
5842	6011
6056	8351
19994	28311
18350	12129
12336	7479
15672	19529
10448	18759
27048	21547
3134	8677
29106	27787
23782	24815
22390	27623
29520	9837
14214	16539
5080	2037
6450	4515
11202	22353
11968	13543
5340	4801
26786	16267
7316	6717
12184	17003
15118	14395
3212	3307
16588	27073
25990	19775
514	963
14726	10563
4774	3463
19836	8189
12850	22501
8986	5229
2996	8961
24826	14939
872	747
7094	11513
17804	16285
986	1603
25406	19747
2618	25541
2100	3877
3586	551
14906	29693
22308	19835
15054	12705
4908	10561
18308	20143
23930	28069
25492	27045
9906	5097
13266	20541
23736	29313
9106	12753
20998	28507
7460	11317
19564	9957
17412	22043
22458	26313
4482	13769
10530	5637
3096	2945
11204	9473
15400	11561
2594	2881
17968	5203
20226	17253
29462	23083
5632	5191
15946	5525
13684	17065
12598	10703
12284	23097
16866	13565
9016	26521
29018	24825
5724	7523
19686	20283
142	1387
8138	18151
266	281
14002	26799
14606	18199
20790	16915
11082	22799
25710	20409
888	3799
4222	5093
21564	9041
8654	17021
11566	24673
1616	2127
4808	4319
1662	1435
15736	7369
9138	8927
346	2115
20172	14003
18714	20027
17598	18697
1202	3613
18430	16139
202	259
10228	12983
7286	5215
29438	29063
17540	13703
22558	21833
20262	28369
7250	9723
20430	25241
10562	28231
2852	12099
22096	7937
13820	8115
26652	8925
6832	19167
27110	15289
26178	21203
5240	16363
29052	21921
2532	1691
3846	13379
18806	23557
28172	12537
20188	3457
28990	28015
4438	8751
19582	18425
15116	17783
21898	12211
12206	7687
2956	3627
11672	23497
28616	27263
26438	23673
7820	7621
24252	23523
1214	643
10046	2515
6682	18873
7984	16229
21446	21585
22884	14449
23358	27265
8388	4591
18584	15703
24904	23683
7354	3653
10578	18723
18138	23023
17102	14931
14670	25039
22222	17903
14926	26293
10358	16531
19196	29187
10088	8633
9788	16633
4192	3099
21496	24527
2742	21297
13542	22735
4894	7061
7516	8179
19342	15971
11904	16491
29960	25907
17148	9725
19494	19099
14526	10289
28170	22539
19104	16901
2966	9527
21182	10219
19114	6451
15182	25605
18250	12927
25002	16549
3990	4997
7254	11697
9416	11787
9820	16769
6954	24269
13802	16471
18434	14271
23566	12809
190	149
29218	16379
10918	10315
2188	2635
11748	2963
5898	12873
17816	6417
26746	25431
16564	24597
3068	14549
24388	24443
26368	24243
23392	18543
29222	28153
18110	24839
9722	23815
24598	26445
20290	22851
17634	14173
10172	19947
27476	13763
4588	1573
23906	17187
12466	6699
14034	11221
6212	27185
3794	1883
21130	27309
12388	5267
13554	16403
25936	18843
2106	27307
6730	10777
18366	23263
3756	4647
6518	28411
26706	8595
21858	24809
1754	1717
13738	20685
98	2151
764	979
1838	9387
24976	6907
3116	2811
14744	10275
23774	15775
11374	29691
6162	6259
16	415
114	155
17464	3643
862	629
13536	11423
11534	6973
11718	8699
8646	5871
198	307
5222	5151
19444	18889
15852	20223
10512	6605
22758	6457
28488	8383
24806	29571
18654	19777
8782	9469
25308	20345
1400	15493
14892	9891
778	23347
29120	16463
1318	793
29638	28589
28584	24327
1378	6171
22686	21607
7368	9467
1832	2095
21390	24289
25118	23945
12534	8903
10670	9411
21422	28583
23040	20421
5590	3365
5278	5679
25084	20833
17262	6997
15100	18789
28052	28861
21050	23893
26938	5327
28148	18215
5120	21423
4056	16069
27058	21551
26966	17205
23446	29001
18252	4681
3946	16177
14180	13149
7424	16603
4000	5037
6126	7823
6574	6309
14782	20997
14568	29739
5574	3577
14242	9263
28738	13775
13486	12657
29796	14779
25808	10589
5250	4029
21736	9505
10258	10183
5190	12299
6420	25179
7588	5887
14910	7485
20498	19877
25340	16647
12446	19987
22822	21925
6648	22725
1496	7429
4800	9461
19430	11489
10786	23821
28656	24149
19148	4747
12374	12105
16324	13455
25140	29427
13894	26441
10004	12937
16408	7053
8120	10713
21452	15387
27814	28811
21704	25567
13520	23409
23798	27507
10864	6523
10552	20879
26154	28419
18386	16431
21156	12659
24710	15727
8214	17471
6952	9211
21456	24017
21654	18147
16072	22407
14516	16155
20452	26119
1730	1527
29704	16457
22440	25833
20800	11745
15360	21209
26042	5517
26982	29713
13788	6779
20398	28955
1108	691
1270	1073
5652	5123
19028	17453
22696	6615
2404	8045
27546	22323
14182	16529
9814	21367
4688	14201
9362	15409
14688	13143
6066	29179
21288	23643
28786	23293
25986	21665
11680	21417
29094	15843
10690	9193
11426	21269
20258	7015
16574	15413
7352	7377
29718	17289
26854	20317
21608	26191
80	349
11502	23547
19446	14339
16536	23127
29220	24329
23218	6987
23058	9139
7070	3971
18496	27667
27792	6631
8824	6015
20988	13147
11104	18071
3186	2661
3812	4315
27996	15273
18884	16499
18814	18411
3736	3109
9436	15267
18254	13089
18612	5021
9376	7551
2592	18313
12902	22075
11684	20005
28468	15059
28880	9265
8754	3227
1536	835
24744	20765
1590	1539
20724	10427
17098	18501
642	267
2084	16327
24200	23331
12696	9435
6022	11759
15598	18771
21198	26505
14714	16671
14716	5869
8852	12125
23850	25697
29806	17385
11562	11877
10674	11827
490	5345
18280	14213
8898	14731
26060	18173
1288	1353
10244	9871
10398	26233
11940	8207
432	825
14532	29883
28286	22589
22142	8967
6910	7087
18548	27097
25496	24205
9292	1055
11802	13361
11074	26561
14808	20197
5404	8249
2266	2485
20052	15609
27052	28331
16396	15343
2376	1483
29212	27403
4902	7363
15122	26307
3582	3323
23608	17031
29622	29293
15850	13327
15354	16847
4330	8203
24490	9787
3144	6891
2322	1611
15960	22783
20102	16433
32	239
28642	25535
14294	16547
23134	28949
21828	13787
23400	8645
12974	25915
7230	27943
13648	20639
22456	21807
6846	5787
4972	2317
27656	25271
5562	5423
2128	1919
20012	25173
2924	3521
13312	11543
24234	24187
23520	15269
1348	1559
12150	19671
4700	2529
7458	8185
1252	1395
5524	4289
14178	7975
19712	20945
22870	22417
23470	14385
18754	15159
12462	20013
20874	28475
2014	2871
2280	1607
5414	10351
5294	12255
10344	12995
2554	10807
2254	1721
23246	22061
10732	17869
8072	6319
3214	2943
14454	4871
14954	16737
438	301
18566	15569
28416	28943
5178	7879
11284	14717
28194	15231
10858	16151
20170	25495
18824	7007
28538	10121
5616	19813
2962	23535
20244	9199
22638	11723
12106	3771
5204	15897
4102	4227
25768	17677
842	4687
22002	13873
17140	14441
3230	4187
5928	9133
11602	20399
474	367
4818	1235
22358	17345
29356	22313
18306	15901
13642	20635
7430	4655
12464	15941
21712	19491
17362	25859
5398	5439
18726	23689
3476	2535
17826	22477
22468	10701
24496	20047
14946	11609
19830	15467
218	177
27970	25987
18894	24937
23136	4715
2690	4699
4562	20849
23744	15315
29214	27669
13338	28037
23818	26817
16490	22553
28222	17947
19990	18099
15980	7101
19566	18295
13398	19051
21344	29971
8650	21555
11594	10963
12614	16301
10208	12981
1438	3817
182	23635
25622	27255
8984	5709
29760	21809
8074	5661
7428	20513
7874	26531
1688	4825
1296	29733
7710	20699
23096	26705
4112	3185
2432	1733
15772	6407
26662	25403
6500	2971
18156	26207
19956	21019
26894	22487
13920	15077
22470	7801
28868	12585
7272	19361
17840	11737
10296	27703
22228	26735
1462	3053
29086	7643
22014	2449
15184	23173
9950	7419
18130	28059
29672	13799
7268	13033
24968	16277
21504	3051
19486	22583
800	1263
858	675
7834	22223
25012	15403
4304	4791
20362	2509
29688	25583
18762	4921
5454	9801
16422	15035
22966	11923
12552	19575
1476	1013
14196	9579
19554	29795
8798	11501
7074	7491
5950	18477
29290	3919
3576	2311
5004	3677
6422	7471
13758	4509
27844	7759
24902	23573
1350	1051
14292	21749
29022	15833
26356	26951
19540	20897
5486	3873
18266	16199
13922	16495
25634	17155
2160	13219
29248	24977
23102	22515
15870	20009
6262	14571
1222	1225
5794	20353
24440	26161
20288	3209
23810	22747
25664	28313
5798	20007
16122	4829
5292	15507
16006	27927
10694	19011
24510	24565
22060	12669
9616	11781
12698	6919
18034	16227
13932	19965
24228	28777
6950	3585
12198	27467
16336	16869
21640	17771
22040	13817
3784	3829
4528	5727
8540	18707
4576	6035
1984	5187
1146	919
13946	14915
15238	29223
1228	1385
4674	11729
16022	15925
27334	16189
21900	27883
2982	5983
24570	28137
2240	5779
24410	16093
4862	6647
7864	7025
22806	24231
26300	25307
4638	27917
1886	1695
4848	23131
5494	3423
7256	5995
14380	27555
3084	26539
1928	1633
29532	29687
25586	25149
2822	1407
17868	9317
21268	7557
24716	28147
25702	20929
27272	28705
28940	25967
26358	12263
16918	10379
16846	27949
27724	16589
11238	26649
18860	21755
538	361
21222	9237
25266	13849
22574	17365
26692	27421
2926	4757
23770	12891
1582	1015
334	297
26422	26861
12730	10735
25580	19735
16562	17653
20414	6801
19226	23721
12078	26967
5220	5759
4086	3745
23762	11449
27702	28791
17766	7413
20400	14469
8088	15083
3908	2723
26912	27233
25264	29709
22424	17089
24210	17671
9672	9595
18240	11643
878	1791
5146	4235
15506	25325
15040	13145
26426	26153
10418	11345
4454	24275
14388	16975
23690	15827
25920	17421
26268	21237
28586	28961
3744	4479
4924	2987
6968	9525
27984	17107
9498	22001
618	511
16164	13399
19394	26291
28540	23593
6684	11195
9118	9401
21252	4139
10950	21085
17440	24659
29076	15737
4814	23337
13814	12971
29380	11287
16098	18185
12940	22205
28480	18793
4592	13305
10624	4449
26844	3287
12408	19831
16440	24689
4882	2629
4226	11567
23490	13877
2970	3825
5106	5833
17380	10881
10190	27351
20910	11855
14972	21073
7974	10225
14528	9339
12094	29579
13506	16389
24844	27655
27174	29675
8982	9809
26892	29947
3078	2249
14462	7641
14846	8963
10392	11097
4364	3429
10944	27113
12334	18001
5016	10755
24274	19791
20494	21191
9954	27435
26370	19197
5508	8889
24104	24505
17112	15243
5282	26095
9038	29533
24486	18247
5924	4085
25298	28243
21554	25513
21148	21401
22588	8353
13424	26359
6640	6443
14976	20451
24978	23935
1396	869
13268	13349
26678	20987
19746	18741
15732	23255
24054	6909
578	1757
21418	28581
8496	5907
22300	17333
29164	15661
29586	10827
25226	20873
28568	24813
14854	21021
24520	22391
20078	7013
10124	16473
21896	27317
26650	25401
23300	19715
13008	2827
17050	12183
24642	18075
9878	24475
7722	5243
18594	18049
14950	26489
1710	1849
28436	22451
27458	22895
2890	4689
4602	4253
21762	19235
3000	5413
7560	28063
4166	2961
29134	26437
4072	3165
2248	3451
4224	18859
29312	19669
11728	13339
16250	17201
9656	7029
26354	16145
13938	4201
27478	8439
3742	3011
16706	25677
20950	22389
19242	22759
10964	23075
10758	7697
10442	23021
16746	15645
15468	15075
688	3855
22972	8959
25870	25221
2628	2577
27650	19627
910	761
12158	14997
26570	13443
12302	9669
8106	26913
4044	3995
19924	27947
2008	1777
6304	23381
16670	27763
26646	13391
1952	6209
26288	11197
11258	22215
16206	7347
26804	26453
11810	5911
23198	17517
19082	6297
3054	10129
26166	23361
24392	10177
18552	10175
11902	9083
17096	22187
13534	13335
23950	8141
21028	5773
18540	20693
27246	21639
17044	27803
16474	12119
16834	29335
2116	7617
11080	11283
24156	12405
19500	23119
9226	12493
18842	9337
18830	20729
29016	26447
15638	22907
5680	4149
27856	22077
29844	23925
12136	10587
16722	8671
9204	23865
27008	19893
28896	12413
11870	4925
11144	8177
24600	20743
27864	29333
416	1785
1974	5223
5846	3773
10834	12217
19180	12323
14222	13003
11250	10399
27376	24265
8422	4287
11416	13211
25186	12609
6408	5007
7584	9201
12818	27977
27090	24477
5138	15491
16618	13515
4644	3543
13838	22969
15072	7533
9298	21917
5682	2697
11626	10481
3376	14111
19670	21223
4440	7167
6762	15789
20914	27355
4408	2429
11544	2225
28264	19859
4424	12875
17606	11127
10542	19129
16674	23871
8490	5461
21916	13851
26264	12591
7380	14207
14560	22693
28580	7949
20336	28391
20236	29219
27096	26189
10034	12949
3282	3421
19012	22261
19872	23437
23048	12807
24606	4611
29746	29923
24952	29355
11908	26689
19088	18303
23204	11245
10570	17061
15644	7019
20740	29719
8880	26741
29608	18337
17466	25889
25348	20913
8574	21333
13146	22703
19660	22575
17010	7691
26118	29227
12456	23353
26066	29973
4992	8999
9340	5543
562	395
22080	23879
28110	28887
18192	23579
9790	17559
26632	28855
6456	21109
5496	6311
22654	14379
6784	8713
14656	29881
7056	26547
25026	24277
3128	6377
18630	15579
9528	28497
27360	24065
22530	21313
20378	27031
26148	22681
9532	8491
16058	21497
3368	2019
3284	2481
4156	2057
13778	9501
3286	1863
28744	25923
20672	19647
27284	27911
9050	22861
7628	24217
17174	16623
22974	13431
19190	20781
12810	4041
16932	13579
5172	5475
15560	7351
9932	14231
25888	25977
14396	28201
1412	11731
7950	10917
2090	1715
28368	22051
13416	24409
29264	19543
8202	18181
21962	8917
1118	1095
8722	22825
10078	10995
10336	6549
25704	22175
10446	7981
4564	2197
14254	10493
9124	20071
17070	28901
26888	26703
15802	3987
29544	2227
9848	4299
5810	9365
26330	9895
23564	19303
23378	18535
29578	24467
24226	27025
27900	21823
26080	13917
10054	26991
9026	11843
24604	12985
22084	7757
10956	28341
18316	20617
29870	21877
26318	15137
13798	10515
5336	19649
16342	27497
23360	19145
2246	3437
22218	20245
10522	26503
5584	3915
20278	15161
7452	1119
13940	8365
21760	8519
10456	12853
26298	23723
18812	16497
19240	13653
22360	14455
20736	27229
17714	10727
25938	22315
21378	28537
13392	26825
696	501
21458	19395
13518	28081
14314	12545
26568	29707
20334	14955
15556	8377
10640	20931
26372	14845
29286	27271
8114	15529
15188	11751
7644	16421
3114	2919
16516	26793
10922	29531
28092	18547
7386	4955
15640	11375
4340	27517
12448	18459
19420	6911
18326	15949
17896	14085
1510	14459
11524	10069
17544	3717
14472	7155
17282	11867
20684	21243
3686	8223
23440	22121
27772	23229
25608	14149
28790	23941
6678	11617
9976	4283
28348	26627
8460	16889
20256	19359
27516	26519
21856	17689
27136	4279
29316	25055
8392	26139
26872	17447
5096	6573
21112	28561
292	255
24644	16945
29784	22615
28420	26439
26010	23877
3020	2941
29228	4341
5812	1223
22846	12387
7264	5535
15920	21729
27386	14095
15612	29431
29194	25347
8350	7267
25368	28585
26106	15935
10230	19703
26266	4713
24258	29769
5622	9623
20028	24765
11960	29047
10744	23425
24458	24929
11218	22661
25546	17073
1408	1079
2172	2097
10322	4511
3904	4911
21126	17023
2062	2091
12520	13581
2386	1249
1154	6925
6886	7191
1422	1333
8660	10487
12322	21767
15754	10889
320	233
18686	20713
6224	24481
6170	7799
23650	23253
16030	21487
13864	11925
7940	20869
20936	1833
16228	14447
14490	8327
26234	16165
24272	18323
1942	67
28362	14011
14412	20853
9418	9275
3902	10681
13092	4975
5448	6685
19864	25145
6280	3433
16504	11889
25726	25191
20712	16193
15454	10573
17074	9745
3278	7089
26198	15245
11000	23675
28976	24717
8584	5583
8146	6645
18958	9357
22878	12571
26496	17057
19004	21545
15756	7903
29236	14793
11674	24089
8734	6773
11610	15655
10524	16587
1242	8587
23940	19899
28372	8067
17118	24763
28346	22565
10554	25665
6508	10375
25856	12013
9868	14083
26418	27523
15112	25233
28934	18005
8386	14569
7576	23199
11246	23077
520	447
16688	10737
6088	20437
12826	22875
26636	29029
2684	4337
25106	29913
13284	27449
25980	24693
8876	26725
8796	8793
25948	16035
17180	25803
15258	12749
10792	10317
7610	13257
7022	6327
17250	4939
25756	21065
18650	11535
21246	22777
8000	19121
16510	9315
21150	18607
23328	21863
19070	13221
23156	24707
24770	29083
18544	24509
25924	28779
21350	19993
28314	17047
14176	20403
596	875
598	3807
21240	13343
20382	25253
18776	13831
13402	14981
4936	9005
24248	15711
2000	12553
27066	19481
28784	11833
22324	26545
7304	4599
8260	4203
15264	20939
22802	14645
25336	17313
9910	7091
19622	13421
14986	28345
6606	16021
1260	1825
16124	25503
22514	28833
10926	7639
28598	17663
10168	13941
6816	8629
12658	4777
17756	24777
11010	22257
26500	18269
28126	21903
21172	12679
14078	19345
5648	19321
3650	6145
21652	27129
11884	6039
27162	11835
12330	2799
18880	9591
28988	14957
100	95
23012	8485
29972	14427
27216	21629
1744	2345
6478	24559
18602	19881
17288	18279
21484	7875
5864	4391
17966	19519
20644	17077
16530	17295
10850	11871
9382	13663
5334	4695
7614	8297
5394	10333
12816	19105
5262	8863
27940	7809
16920	24267
25572	28297
17678	17591
9262	12439
27414	14989
18590	20703
21008	18797
11262	6101
15286	21489
164	295
26220	10477
1488	1801
22042	15463
8292	27055
18442	20673
15098	13161
21488	22245
17660	9993
25522	23811
4754	29261
10546	4573
16180	22433
23166	25867
16360	27409
22162	15385
19068	26549
5078	4475
1442	1489
27908	21825
3914	2063
13444	22543
21970	12293
13780	20695
2538	2381
15074	19617
25342	20909
21928	21377
27198	26787
14364	22713
8266	16767
6596	2581
8822	12191
4750	2693
12756	3533
19492	29435
15110	7555
24326	27571
21656	6505
19428	7393
25218	24729
23176	13289
19702	16639
27606	4893
4204	5287
24338	8857
6428	19401
6322	4027
18068	20567
10492	17799
11676	14853
17886	10529
21016	16993
19136	24967
10934	21077
17008	4563
25292	24081
8086	14333
25578	12123
240	157
11660	5305
24254	22541
9718	11797
13608	14047
16132	25505
19220	22581
21238	27379
19708	13083
20828	7593
20836	16925
7948	14807
29958	21975
28746	22159
13984	3667
26548	10721
19366	27415
2290	15477
5610	21765
7850	8717
22486	24647
26352	9409
7068	8483
24660	12265
4254	3567
13886	24759
21394	27701
2620	10109
29116	7719
25082	28187
15916	3141
22818	7921
25104	25429
12222	15577
4550	11793
4836	1265
15370	27559
15390	3593
26812	27597
20854	22837
27634	27865
26886	22785
26574	21815
20420	15393
22392	6819
17812	27993
18132	11471
5124	19079
5288	2603
2600	4789
27566	17911
18394	20653
7812	21889
13654	15835
24592	16843
24622	11719
3828	1297
4168	4263
11500	15677
25322	23967
9120	17041
15296	21707
29678	26947
8128	19767
9396	2217
13982	8529
20474	14801
10502	21691
23150	26595
19882	9149
27310	22911
6594	9963
23472	24593
27400	29701
10712	26541
20144	24179
12514	19971
8432	5183
19072	8583
17228	9511
9744	15435
13942	7365
1024	5073
28780	29127
7388	11333
25236	23883
25144	17745
17430	17973
9174	6425
20642	23063
22280	6901
18996	5433
19274	20797
18596	5143
17882	15527
11040	21845
8228	25587
16894	28837
11618	7299
16020	15885
27742	16079
29230	22133
17560	4763
12176	7407
20610	27027
10988	9777
18336	7329
782	3243
27928	17931
26676	26693
19958	29421
18438	12529
3648	4199
11590	15903
13628	9799
11744	13347
12790	8361
5550	2815
17786	17075
23954	26065
12378	9695
15416	11241
6598	1445
22956	28937
17912	16305
20038	12491
6920	8163
152	93
3552	19007
16434	12095
21168	24227
1806	1471
5284	6603
28020	17645
26158	19793
25932	12073
28794	22117
23988	18613
29256	26849
3204	3693
12058	12149
17834	19363
8688	5969
25814	26399
